 1.000000    0.000000
 0.993711    0.005075
 0.987114    0.010166
 0.979901    0.015291
 0.971762    0.020466
 0.962391    0.025708
 0.951478    0.031034
 0.938716    0.036460
 0.923796    0.042003
 0.906410    0.047680
 0.906410    0.047680
 0.886343    0.053499
 0.863750    0.059435
 0.838884    0.065453
 0.811992    0.071520
 0.783325    0.077601
 0.753133    0.083663
 0.721665    0.089672
 0.689171    0.095593
 0.655901    0.101392
 0.655901    0.101392
 0.622085    0.107025
 0.587868    0.112402
 0.553378    0.117424
 0.518741    0.121989
 0.484083    0.125998
 0.449531    0.129351
 0.415210    0.131948
 0.381248    0.133687
 0.347770    0.134470
 0.347770    0.134470
 0.314911    0.134211
 0.282837    0.132889
 0.251721    0.130497
 0.221739    0.127029
 0.193064    0.122477
 0.165870    0.116837
 0.140331    0.110101
 0.116621    0.102262
 0.094914    0.093315
 0.094914    0.093315
 0.075360    0.083305
 0.058005    0.072486
 0.042872    0.061164
 0.029983    0.049645
 0.019361    0.038235
 0.011027    0.027240
 0.005004    0.016966
 0.001315    0.007719
 -0.000019    -0.000195
 -0.000019    -0.000195
 0.001020    -0.006539
 0.004428    -0.011353
 0.010196    -0.014747
 0.018316    -0.016829
 0.028777    -0.017710
 0.041572    -0.017498
 0.056691    -0.016302
 0.074125    -0.014232
 0.093867    -0.011398
 0.093867    -0.011398
 0.115872    -0.007906
 0.139966    -0.003856
 0.165939    0.000653
 0.193582    0.005522
 0.222685    0.010655
 0.253040    0.015952
 0.284437    0.021314
 0.316667    0.026645
 0.349521    0.031846
 0.349521    0.031846
 0.382809    0.036822
 0.416424    0.041500
 0.450278    0.045807
 0.484283    0.049675
 0.518351    0.053031
 0.552396    0.055806
 0.586328    0.057929
 0.620061    0.059329
 0.653506    0.059936
 0.653506    0.059936
 0.686546    0.059706
 0.718942    0.058701
 0.750422    0.057011
 0.780718    0.054724
 0.809559    0.051930
 0.836676    0.048718
 0.861799    0.045177
 0.884658    0.041396
 0.904983    0.037464
 0.904983    0.037464
 0.922602    0.033457
 0.937728    0.029395
 0.950674    0.025285
 0.961750    0.021133
 0.971269    0.016948
 0.979542    0.012735
 0.986881    0.008501
 0.993596    0.004254
 1.000000    0.000000
