 1.000000    0.000000
 0.990441    0.000979
 0.980425    0.002004
 0.969496    0.003124
 0.957197    0.004383
 0.943072    0.005829
 0.926663    0.007510
 0.907515    0.009470
 0.885171    0.011758
 0.859175    0.014420
 0.859175    0.014420
 0.829226    0.017466
 0.795653    0.020757
 0.758943    0.024118
 0.719581    0.027373
 0.678053    0.030348
 0.634845    0.032866
 0.590443    0.034752
 0.545333    0.035832
 0.500000    0.035928
 0.500000    0.035928
 0.454901    0.034949
 0.410376    0.033128
 0.366735    0.030782
 0.324289    0.028227
 0.283346    0.025780
 0.244218    0.023758
 0.207215    0.022477
 0.172648    0.022253
 0.140826    0.023404
 0.140826    0.023404
 0.112019    0.026072
 0.086338    0.029710
 0.063854    0.033599
 0.044636    0.037018
 0.028754    0.039248
 0.016280    0.039567
 0.007283    0.037257
 0.001833    0.031596
 0.000000    0.021865
 0.000000    0.021865
 0.001833    0.007737
 0.007283    -0.009545
 0.016280    -0.028345
 0.028754    -0.047026
 0.044636    -0.063953
 0.063854    -0.077489
 0.086338    -0.085998
 0.112019    -0.087844
 0.140826    -0.081390
 0.140826    -0.081390
 0.172648    -0.065791
 0.207215    -0.043359
 0.244218    -0.017198
 0.283346    0.009589
 0.324289    0.033898
 0.366735    0.052626
 0.410376    0.062669
 0.454901    0.060925
 0.500000    0.044289
 0.500000    0.044289
 0.545333    0.022254
 0.590443    0.005880
 0.634845    -0.005578
 0.678053    -0.012866
 0.719581    -0.016730
 0.758943    -0.017916
 0.795653    -0.017169
 0.829226    -0.015236
 0.859175    -0.012862
 0.859175    -0.012862
 0.885171    -0.010664
 0.907515    -0.008737
 0.926663    -0.007048
 0.943072    -0.005562
 0.957197    -0.004246
 0.969496    -0.003066
 0.980425    -0.001987
 0.990441    -0.000977
 1.000000    0.000000
