 1.000000    0.000000
 1.000705    -0.000029
 1.001199    -0.000040
 1.001271    -0.000014
 1.000709    0.000066
 0.999302    0.000218
 0.996840    0.000461
 0.993110    0.000813
 0.987902    0.001291
 0.981004    0.001915
 0.981004    0.001915
 0.972308    0.002693
 0.962118    0.003598
 0.950838    0.004596
 0.938876    0.005651
 0.926636    0.006727
 0.914525    0.007789
 0.902948    0.008801
 0.892312    0.009729
 0.883022    0.010536
 0.883022    0.010536
 0.875344    0.011200
 0.868979    0.011743
 0.863488    0.012202
 0.858433    0.012612
 0.853375    0.013008
 0.847874    0.013427
 0.841493    0.013904
 0.833791    0.014474
 0.824331    0.015173
 0.824331    0.015173
 0.812790    0.016027
 0.799311    0.017022
 0.784154    0.018133
 0.767580    0.019337
 0.749848    0.020609
 0.731217    0.021926
 0.711949    0.023264
 0.692302    0.024598
 0.672537    0.025904
 0.672537    0.025904
 0.652868    0.027163
 0.633330    0.028371
 0.613911    0.029526
 0.594600    0.030629
 0.575385    0.031680
 0.556255    0.032677
 0.537199    0.033622
 0.518206    0.034514
 0.499264    0.035352
 0.499264    0.035352
 0.480361    0.036135
 0.461481    0.036858
 0.442606    0.037516
 0.423721    0.038103
 0.404809    0.038612
 0.385851    0.039038
 0.366832    0.039376
 0.347734    0.039618
 0.328540    0.039759
 0.328540    0.039759
 0.309275    0.039796
 0.290131    0.039738
 0.271339    0.039593
 0.253132    0.039373
 0.235742    0.039088
 0.219403    0.038749
 0.204346    0.038366
 0.190804    0.037949
 0.179010    0.037509
 0.179010    0.037509
 0.169097    0.037054
 0.160801    0.036582
 0.153759    0.036087
 0.147607    0.035564
 0.141981    0.035009
 0.136520    0.034416
 0.130859    0.033780
 0.124634    0.033097
 0.117484    0.032361
 0.117484    0.032361
 0.109152    0.031564
 0.099814    0.030684
 0.089755    0.029696
 0.079258    0.028573
 0.068608    0.027290
 0.058089    0.025822
 0.047984    0.024143
 0.038578    0.022227
 0.030154    0.020049
 0.030154    0.020049
 0.022935    0.017602
 0.016895    0.014953
 0.011945    0.012185
 0.007998    0.009385
 0.004967    0.006636
 0.002762    0.004024
 0.001296    0.001633
 0.000481    -0.000450
 0.000229    -0.002143
 0.000229    -0.002143
 0.000481    -0.003399
 0.001296    -0.004332
 0.002762    -0.005095
 0.004967    -0.005842
 0.007999    -0.006726
 0.011946    -0.007899
 0.016895    -0.009516
 0.022936    -0.011729
 0.030154    -0.014692
 0.030154    -0.014692
 0.038578    -0.018477
 0.047984    -0.022833
 0.058088    -0.027429
 0.068608    -0.031933
 0.079257    -0.036014
 0.089754    -0.039340
 0.099813    -0.041578
 0.109150    -0.042399
 0.117483    -0.041469
 0.117483    -0.041469
 0.124634    -0.038623
 0.130858    -0.034355
 0.136520    -0.029326
 0.141982    -0.024194
 0.147608    -0.019620
 0.153761    -0.016263
 0.160804    -0.014784
 0.169100    -0.015842
 0.179013    -0.020097
 0.179013    -0.020097
 0.190807    -0.027884
 0.204347    -0.038237
 0.219403    -0.049867
 0.235742    -0.061482
 0.253130    -0.071793
 0.271336    -0.079508
 0.290127    -0.083338
 0.309271    -0.081993
 0.328535    -0.074181
 0.328535    -0.074181
 0.347728    -0.059254
 0.366826    -0.039121
 0.385846    -0.016333
 0.404804    0.006559
 0.423719    0.027004
 0.442606    0.042450
 0.461483    0.050348
 0.480367    0.048145
 0.499275    0.033292
 0.499275    0.033292
 0.518222    0.004510
 0.537221    -0.034391
 0.556281    -0.078329
 0.575414    -0.122221
 0.594628    -0.160985
 0.613935    -0.189537
 0.633345    -0.202796
 0.652868    -0.195679
 0.672515    -0.163103
 0.672515    -0.163103
 0.692252    -0.102531
 0.711867    -0.021604
 0.731107    0.069490
 0.749716    0.160565
 0.767439    0.241433
 0.784021    0.301909
 0.799208    0.331806
 0.812744    0.320936
 0.824375    0.259112
 0.824375    0.259112
 0.833957    0.141241
 0.841796    -0.017407
 0.848310    -0.196468
 0.853916    -0.375579
 0.859031    -0.534375
 0.864073    -0.652495
 0.869459    -0.709573
 0.875608    -0.685246
 0.882935    -0.559152
 0.882935    -0.559152
 0.891717    -0.394853
 0.901712    -0.266511
 0.912561    -0.169664
 0.923907    -0.099847
 0.935389    -0.052598
 0.946651    -0.023452
 0.957334    -0.007946
 0.967079    -0.001617
 0.975528    0.000000
 0.975528    0.000000
 0.982414    0.000628
 0.987829    0.001034
 0.991957    0.001247
 0.994982    0.001293
 0.997089    0.001200
 0.998460    0.000997
 0.999280    0.000711
 0.999732    0.000369
 1.000000    0.000000
