 1.000000    0.000000
 0.990441    0.000976
 0.980425    0.001983
 0.969496    0.003053
 0.957197    0.004215
 0.943072    0.005501
 0.926663    0.006942
 0.907515    0.008568
 0.885171    0.010412
 0.859175    0.012504
 0.859175    0.012504
 0.829226    0.014856
 0.795653    0.017414
 0.758943    0.020101
 0.719581    0.022845
 0.678053    0.025571
 0.634845    0.028205
 0.590443    0.030672
 0.545333    0.032899
 0.500000    0.034811
 0.500000    0.034811
 0.454901    0.036345
 0.410376    0.037487
 0.366735    0.038231
 0.324289    0.038573
 0.283346    0.038511
 0.244218    0.038038
 0.207215    0.037152
 0.172648    0.035847
 0.140826    0.034121
 0.140826    0.034121
 0.112019    0.031971
 0.086338    0.029411
 0.063854    0.026456
 0.044636    0.023121
 0.028754    0.019421
 0.016280    0.015373
 0.007283    0.010991
 0.001833    0.006292
 0.000000    0.001291
 0.000000    0.001291
 0.001833    -0.003974
 0.007283    -0.009369
 0.016280    -0.014736
 0.028754    -0.019918
 0.044636    -0.024759
 0.063854    -0.029101
 0.086338    -0.032787
 0.112019    -0.035660
 0.140826    -0.037562
 0.140826    -0.037562
 0.172648    -0.038413
 0.207215    -0.038434
 0.244218    -0.037921
 0.283346    -0.037172
 0.324289    -0.036483
 0.366735    -0.036151
 0.410376    -0.036473
 0.454901    -0.037747
 0.500000    -0.040268
 0.500000    -0.040268
 0.545333    -0.042441
 0.590443    -0.042688
 0.634845    -0.041332
 0.678053    -0.038695
 0.719581    -0.035100
 0.758943    -0.030870
 0.795653    -0.026328
 0.829226    -0.021796
 0.859175    -0.017598
 0.859175    -0.017598
 0.885171    -0.013990
 0.907515    -0.010966
 0.926663    -0.008451
 0.943072    -0.006374
 0.957197    -0.004662
 0.969496    -0.003241
 0.980425    -0.002039
 0.990441    -0.000983
 1.000000    0.000000
