1.0   1.6653345369377347e-17
0.9989933382359422   -0.0001462226455420934
0.9959774064153977   -0.0005831600362176919
0.9909643486313533   -0.0013056698599268086
0.9839743506981782   -0.002305342869794677
0.9750355588704727   -0.0035707340061091244
0.9641839665080363   -0.005087665177048228
0.9514632691433106   -0.006839580687155366
0.9369246885348925   -0.008807933274188657
0.9206267664155906   -0.010972577257803694
0.9026351287655293   -0.01331214552889628
0.883022221559489   -0.01580438901063125
0.861867019052535   -0.018426460678061
0.8392547057785661   -0.021155130999754128
0.8152763335422613   -0.023966927434150312
0.7900284547855991   -0.02683819697427105
0.7636127338052512   -0.029745097239167472
0.7361355373863414   -0.03266352779469373
0.7077075065009433   -0.03556901880028839
0.6784431107959359   -0.03843659831844372
0.6484601876641375   -0.04124066235905171
0.6178794677547137   -0.043954872728488206
0.5868240888334653   -0.046552106894091325
0.5554190999505055   -0.04900448136374416
0.5237909579118711   -0.051283465648709635
0.492067018082596   -0.053360097976291904
0.4603750215716057   -0.055205306902965795
0.42884258086335736   -0.05679033528747786
0.3975966659674046   -0.058087255212459825
0.36676309315498246   -0.0590695549125549
0.3364660183412892   -0.05971277208866175
0.30682743715343563   -0.05999514263150497
0.2779666936971129   -0.05989823014021839
0.2499999999999999   -0.0594075
0.22303996806694487   -0.058512802353461874
0.19719515643116658   -0.05720873110517936
0.1725696330273575   -0.0554948310409472
0.1492625561468393   -0.05337563198951304
0.12736777516212267   -0.050860497348753426
0.10697345262860625   -0.047963283780743625
0.08816170928508366   -0.0447018189148491
0.07100829338251147   -0.04109721390420132
0.05558227567253832   -0.03717303706862334
0.041945771283965205   -0.03295438306269132
0.03015368960704584   -0.028466878528880833
0.020253513192751316   -0.023735669622888127
0.012285106557296477   -0.01878443883982925
0.006280555661802856   -0.013634498071778009
0.0022640387134577056   -0.008304001782272304
0.0002517288084074587   -0.0028073187343527406
0.0002517288084074587   0.0028073187343527406
0.0022640387134577056   0.008304001782272304
0.006280555661802856   0.013634498071778009
0.012285106557296477   0.01878443883982925
0.020253513192751316   0.023735669622888127
0.030153689607045786   0.028466878528880808
0.041945771283965205   0.03295438306269132
0.05558227567253826   0.03717303706862333
0.07100829338251152   0.041097213904201325
0.0881617092850836   0.04470181891484908
0.1069734526286063   0.04796328378074364
0.1273677751621226   0.05086049734875341
0.14926255614683936   0.05337563198951305
0.1725696330273574   0.05549483104094719
0.1971951564311667   0.05720873110517938
0.22303996806694476   0.05851280235346188
0.2500000000000002   0.0594075
0.277966693697113   0.05989823014021839
0.30682743715343563   0.05999514263150497
0.3364660183412891   0.059712772088661756
0.3667630931549827   0.05906955491255493
0.3975966659674047   0.05808725521245982
0.42884258086335736   0.05679033528747786
0.4603750215716056   0.055205306902965795
0.4920670180825962   0.0533600979762919
0.5237909579118711   0.051283465648709635
0.5554190999505054   0.04900448136374419
0.586824088833465   0.046552106894091325
0.6178794677547137   0.043954872728488206
0.6484601876641375   0.04124066235905171
0.6784431107959359   0.03843659831844372
0.7077075065009434   0.03556901880028839
0.7361355373863414   0.03266352779469373
0.7636127338052512   0.029745097239167472
0.7900284547855989   0.026838196974271065
0.8152763335422615   0.02396692743415033
0.8392547057785662   0.021155130999754145
0.861867019052535   0.018426460678061
0.883022221559489   0.01580438901063125
0.9026351287655294   0.013312145528896212
0.9206267664155906   0.010972577257803694
0.9369246885348924   0.008807933274188698
0.9514632691433105   0.006839580687155342
0.9641839665080363   0.005087665177048228
0.9750355588704727   0.0035707340061091244
0.9839743506981782   0.002305342869794677
0.9909643486313534   0.001305669859926825
0.9959774064153977   0.0005831600362176919
0.9989933382359422   0.0001462226455420934
1.0   -1.6653345369377347e-17
1.0   1.6653345369377347e-17
0.9989933382359422   -0.0001462226455420934
0.9959774064153977   -0.0005831600362176919
0.9909643486313533   -0.0013056698599268086
0.9839743506981782   -0.002305342869794677
0.9750355588704727   -0.0035707340061091244
0.9641839665080363   -0.005087665177048228
0.9514632691433106   -0.006839580687155366
0.9369246885348925   -0.008807933274188657
0.9206267664155906   -0.010972577257803694
0.9026351287655293   -0.01331214552889628
0.883022221559489   -0.01580438901063125
0.861867019052535   -0.018426460678061
0.8392547057785661   -0.021155130999754128
0.8152763335422613   -0.023966927434150312
0.7900284547855991   -0.02683819697427105
0.7636127338052512   -0.029745097239167472
0.7361355373863414   -0.03266352779469373
0.7077075065009433   -0.03556901880028839
0.6784431107959359   -0.03843659831844372
0.6484601876641375   -0.04124066235905171
0.6178794677547137   -0.043954872728488206
0.5868240888334653   -0.046552106894091325
0.5554190999505055   -0.04900448136374416
0.5237909579118711   -0.051283465648709635
0.492067018082596   -0.053360097976291904
0.4603750215716057   -0.055205306902965795
0.42884258086335736   -0.05679033528747786
0.3975966659674046   -0.058087255212459825
0.36676309315498246   -0.0590695549125549
0.3364660183412892   -0.05971277208866175
0.30682743715343563   -0.05999514263150497
0.2779666936971129   -0.05989823014021839
0.2499999999999999   -0.0594075
0.22303996806694487   -0.058512802353461874
0.19719515643116658   -0.05720873110517936
0.1725696330273575   -0.0554948310409472
0.1492625561468393   -0.05337563198951304
0.12736777516212267   -0.050860497348753426
0.10697345262860625   -0.047963283780743625
0.08816170928508366   -0.0447018189148491
0.07100829338251147   -0.04109721390420132
0.05558227567253832   -0.03717303706862334
0.041945771283965205   -0.03295438306269132
0.03015368960704584   -0.028466878528880833
0.020253513192751316   -0.023735669622888127
0.012285106557296477   -0.01878443883982925
0.006280555661802856   -0.013634498071778009
0.0022640387134577056   -0.008304001782272304
0.0002517288084074587   -0.0028073187343527406
0.0002517288084074587   0.0028073187343527406
0.0022640387134577056   0.008304001782272304
0.006280555661802856   0.013634498071778009
0.012285106557296477   0.01878443883982925
0.020253513192751316   0.023735669622888127
0.030153689607045786   0.028466878528880808
0.041945771283965205   0.03295438306269132
0.05558227567253826   0.03717303706862333
0.07100829338251152   0.041097213904201325
0.0881617092850836   0.04470181891484908
0.1069734526286063   0.04796328378074364
0.1273677751621226   0.05086049734875341
0.14926255614683936   0.05337563198951305
0.1725696330273574   0.05549483104094719
0.1971951564311667   0.05720873110517938
0.22303996806694476   0.05851280235346188
0.2500000000000002   0.0594075
0.277966693697113   0.05989823014021839
0.30682743715343563   0.05999514263150497
0.3364660183412891   0.059712772088661756
0.3667630931549827   0.05906955491255493
0.3975966659674047   0.05808725521245982
0.42884258086335736   0.05679033528747786
0.4603750215716056   0.055205306902965795
0.4920670180825962   0.0533600979762919
0.5237909579118711   0.051283465648709635
0.5554190999505054   0.04900448136374419
0.586824088833465   0.046552106894091325
0.6178794677547137   0.043954872728488206
0.6484601876641375   0.04124066235905171
0.6784431107959359   0.03843659831844372
0.7077075065009434   0.03556901880028839
0.7361355373863414   0.03266352779469373
0.7636127338052512   0.029745097239167472
0.7900284547855989   0.026838196974271065
0.8152763335422615   0.02396692743415033
0.8392547057785662   0.021155130999754145
0.861867019052535   0.018426460678061
0.883022221559489   0.01580438901063125
0.9026351287655294   0.013312145528896212
0.9206267664155906   0.010972577257803694
0.9369246885348924   0.008807933274188698
0.9514632691433105   0.006839580687155342
0.9641839665080363   0.005087665177048228
0.9750355588704727   0.0035707340061091244
0.9839743506981782   0.002305342869794677
0.9909643486313534   0.001305669859926825
0.9959774064153977   0.0005831600362176919
0.9989933382359422   0.0001462226455420934
1.0   -1.6653345369377347e-17
1.0   1.6653345369377347e-17
0.9989933382359422   -0.0001462226455420934
0.9959774064153977   -0.0005831600362176919
0.9909643486313533   -0.0013056698599268086
0.9839743506981782   -0.002305342869794677
0.9750355588704727   -0.0035707340061091244
0.9641839665080363   -0.005087665177048228
0.9514632691433106   -0.006839580687155366
0.9369246885348925   -0.008807933274188657
0.9206267664155906   -0.010972577257803694
0.9026351287655293   -0.01331214552889628
0.883022221559489   -0.01580438901063125
0.861867019052535   -0.018426460678061
0.8392547057785661   -0.021155130999754128
0.8152763335422613   -0.023966927434150312
0.7900284547855991   -0.02683819697427105
0.7636127338052512   -0.029745097239167472
0.7361355373863414   -0.03266352779469373
0.7077075065009433   -0.03556901880028839
0.6784431107959359   -0.03843659831844372
0.6484601876641375   -0.04124066235905171
0.6178794677547137   -0.043954872728488206
0.5868240888334653   -0.046552106894091325
0.5554190999505055   -0.04900448136374416
0.5237909579118711   -0.051283465648709635
0.492067018082596   -0.053360097976291904
0.4603750215716057   -0.055205306902965795
0.42884258086335736   -0.05679033528747786
0.3975966659674046   -0.058087255212459825
0.36676309315498246   -0.0590695549125549
0.3364660183412892   -0.05971277208866175
0.30682743715343563   -0.05999514263150497
0.2779666936971129   -0.05989823014021839
0.2499999999999999   -0.0594075
0.22303996806694487   -0.058512802353461874
0.19719515643116658   -0.05720873110517936
0.1725696330273575   -0.0554948310409472
0.1492625561468393   -0.05337563198951304
0.12736777516212267   -0.050860497348753426
0.10697345262860625   -0.047963283780743625
0.08816170928508366   -0.0447018189148491
0.07100829338251147   -0.04109721390420132
0.05558227567253832   -0.03717303706862334
0.041945771283965205   -0.03295438306269132
0.03015368960704584   -0.028466878528880833
0.020253513192751316   -0.023735669622888127
0.012285106557296477   -0.01878443883982925
0.006280555661802856   -0.013634498071778009
0.0022640387134577056   -0.008304001782272304
0.0002517288084074587   -0.0028073187343527406
0.0002517288084074587   0.0028073187343527406
0.0022640387134577056   0.008304001782272304
0.006280555661802856   0.013634498071778009
0.012285106557296477   0.01878443883982925
0.020253513192751316   0.023735669622888127
0.030153689607045786   0.028466878528880808
0.041945771283965205   0.03295438306269132
0.05558227567253826   0.03717303706862333
0.07100829338251152   0.041097213904201325
0.0881617092850836   0.04470181891484908
0.1069734526286063   0.04796328378074364
0.1273677751621226   0.05086049734875341
0.14926255614683936   0.05337563198951305
0.1725696330273574   0.05549483104094719
0.1971951564311667   0.05720873110517938
0.22303996806694476   0.05851280235346188
0.2500000000000002   0.0594075
0.277966693697113   0.05989823014021839
0.30682743715343563   0.05999514263150497
0.3364660183412891   0.059712772088661756
0.3667630931549827   0.05906955491255493
0.3975966659674047   0.05808725521245982
0.42884258086335736   0.05679033528747786
0.4603750215716056   0.055205306902965795
0.4920670180825962   0.0533600979762919
0.5237909579118711   0.051283465648709635
0.5554190999505054   0.04900448136374419
0.586824088833465   0.046552106894091325
0.6178794677547137   0.043954872728488206
0.6484601876641375   0.04124066235905171
0.6784431107959359   0.03843659831844372
0.7077075065009434   0.03556901880028839
0.7361355373863414   0.03266352779469373
0.7636127338052512   0.029745097239167472
0.7900284547855989   0.026838196974271065
0.8152763335422615   0.02396692743415033
0.8392547057785662   0.021155130999754145
0.861867019052535   0.018426460678061
0.883022221559489   0.01580438901063125
0.9026351287655294   0.013312145528896212
0.9206267664155906   0.010972577257803694
0.9369246885348924   0.008807933274188698
0.9514632691433105   0.006839580687155342
0.9641839665080363   0.005087665177048228
0.9750355588704727   0.0035707340061091244
0.9839743506981782   0.002305342869794677
0.9909643486313534   0.001305669859926825
0.9959774064153977   0.0005831600362176919
0.9989933382359422   0.0001462226455420934
1.0   -1.6653345369377347e-17
