 ---------------------------------------------------------------
 Surface and Strip Forces by surface

  Forces referred to Sref, Cref, Bref about Xref, Yref, Zref
 Standard axis orientation,  X fwd, Z down         

  Surface # 1     Main Wing                               
     # Chordwise = 11   # Spanwise = 29     First strip =  1
     Surface area =    0.900000       Ave. chord =    0.300000
     CLsurf  =  -0.01222     Clsurf  =   0.00245
     CYsurf  =  -0.00000     Cmsurf  =   0.00302
     CDsurf  =   0.00001     Cnsurf  =  -0.00001
     CDisurf =   0.00001     CDvsurf =   0.00000

  Forces referred to Ssurf, Cave about hinge axis thru LE
     CLsurf  =  -0.02851     CDsurf  =   0.00001
     Deflect =

 Strip Forces referred to Strip Area, Chord
    j      Yle    Chord     Area     c cl      ai      cl_norm  cl       cd       cdv    cm_c/4    cm_LE  C.P.x/c
     1   0.0938   0.3000   0.0563  -0.0093  -0.0006  -0.0311  -0.0311   0.0000   0.0000  -0.0000   0.0078    0.250
     2   0.2812   0.3000   0.0563  -0.0093  -0.0006  -0.0310  -0.0310   0.0000   0.0000  -0.0000   0.0078    0.250
     3   0.4688   0.3000   0.0563  -0.0093  -0.0006  -0.0310  -0.0310   0.0000   0.0000  -0.0000   0.0077    0.250
     4   0.6562   0.3000   0.0563  -0.0093  -0.0006  -0.0309  -0.0309   0.0000   0.0000  -0.0000   0.0077    0.250
     5   0.8438   0.3000   0.0563  -0.0093  -0.0006  -0.0309  -0.0309   0.0000   0.0000  -0.0000   0.0077    0.250
     6   1.0312   0.3000   0.0563  -0.0092  -0.0006  -0.0308  -0.0308   0.0000   0.0000  -0.0000   0.0077    0.250
     7   1.2188   0.3000   0.0563  -0.0092  -0.0007  -0.0306  -0.0306   0.0000   0.0000  -0.0000   0.0076    0.250
     8   1.4062   0.3000   0.0563  -0.0091  -0.0007  -0.0305  -0.0305   0.0000   0.0000  -0.0000   0.0076    0.249
     9   1.5625   0.3000   0.0375  -0.0091  -0.0008  -0.0303  -0.0303   0.0000   0.0000  -0.0000   0.0075    0.249
    10   1.6875   0.3000   0.0375  -0.0090  -0.0008  -0.0301  -0.0301   0.0000   0.0000  -0.0000   0.0075    0.249
    11   1.8125   0.3000   0.0375  -0.0089  -0.0009  -0.0298  -0.0298   0.0000   0.0000  -0.0000   0.0074    0.249
    12   1.9375   0.3000   0.0375  -0.0089  -0.0010  -0.0295  -0.0295   0.0000   0.0000  -0.0000   0.0073    0.249
    13   2.0625   0.3000   0.0375  -0.0087  -0.0011  -0.0291  -0.0291   0.0000   0.0000  -0.0000   0.0072    0.248
    14   2.1875   0.3000   0.0375  -0.0086  -0.0012  -0.0286  -0.0286   0.0000   0.0000  -0.0001   0.0071    0.248
    15   2.3125   0.3000   0.0375  -0.0084  -0.0014  -0.0280  -0.0280   0.0000   0.0000  -0.0001   0.0069    0.247
    16   2.4375   0.3000   0.0375  -0.0082  -0.0016  -0.0272  -0.0272   0.0000   0.0000  -0.0001   0.0067    0.246
    17   2.5018   0.3000   0.0022  -0.0081  -0.0017  -0.0270  -0.0270   0.0000   0.0000  -0.0001   0.0066    0.246
    18   2.5162   0.3000   0.0064  -0.0080  -0.0017  -0.0266  -0.0266   0.0000   0.0000  -0.0001   0.0065    0.245
    19   2.5443   0.3000   0.0103  -0.0078  -0.0018  -0.0262  -0.0262   0.0000   0.0000  -0.0001   0.0064    0.244
    20   2.5842   0.3000   0.0135  -0.0077  -0.0019  -0.0255  -0.0255   0.0000   0.0000  -0.0002   0.0062    0.243
    21   2.6338   0.3000   0.0160  -0.0074  -0.0020  -0.0247  -0.0247   0.0000   0.0000  -0.0002   0.0060    0.241
    22   2.6902   0.3000   0.0176  -0.0071  -0.0022  -0.0236  -0.0236   0.0000   0.0000  -0.0003   0.0056    0.239
    23   2.7500   0.3000   0.0181  -0.0066  -0.0025  -0.0221  -0.0221   0.0000   0.0000  -0.0003   0.0052    0.235
    24   2.8098   0.3000   0.0176  -0.0061  -0.0028  -0.0202  -0.0202   0.0000   0.0000  -0.0004   0.0046    0.230
    25   2.8662   0.3000   0.0160  -0.0053  -0.0031  -0.0178  -0.0178   0.0000   0.0000  -0.0005   0.0039    0.222
    26   2.9158   0.3000   0.0135  -0.0044  -0.0034  -0.0147  -0.0147   0.0000   0.0000  -0.0006   0.0031    0.212
    27   2.9557   0.3000   0.0103  -0.0033  -0.0036  -0.0111  -0.0111   0.0000   0.0000  -0.0006   0.0022    0.200
    28   2.9838   0.3000   0.0064  -0.0021  -0.0038  -0.0069  -0.0069   0.0000   0.0000  -0.0004   0.0013    0.187
    29   2.9982   0.3000   0.0022  -0.0007  -0.0039  -0.0023  -0.0023   0.0000   0.0000  -0.0002   0.0004    0.178

  Surface # 2     Main Wing (YDUP)                        
     # Chordwise = 11   # Spanwise = 29     First strip = 30
     Surface area =    0.900000       Ave. chord =    0.300000
     CLsurf  =  -0.01222     Clsurf  =  -0.00245
     CYsurf  =  -0.00000     Cmsurf  =   0.00302
     CDsurf  =   0.00001     Cnsurf  =   0.00001
     CDisurf =   0.00001     CDvsurf =   0.00000

  Forces referred to Ssurf, Cave about hinge axis thru LE
     CLsurf  =  -0.02851     CDsurf  =   0.00001
     Deflect =

 Strip Forces referred to Strip Area, Chord
    j      Yle    Chord     Area     c cl      ai      cl_norm  cl       cd       cdv    cm_c/4    cm_LE  C.P.x/c
    30  -0.0938   0.3000   0.0563  -0.0093  -0.0006  -0.0311  -0.0311   0.0000   0.0000  -0.0000  -0.0078    0.250
    31  -0.2812   0.3000   0.0563  -0.0093  -0.0006  -0.0310  -0.0310   0.0000   0.0000  -0.0000  -0.0078    0.250
    32  -0.4688   0.3000   0.0563  -0.0093  -0.0006  -0.0310  -0.0310   0.0000   0.0000  -0.0000  -0.0077    0.250
    33  -0.6562   0.3000   0.0563  -0.0093  -0.0006  -0.0309  -0.0309   0.0000   0.0000  -0.0000  -0.0077    0.250
    34  -0.8438   0.3000   0.0563  -0.0093  -0.0006  -0.0309  -0.0309   0.0000   0.0000  -0.0000  -0.0077    0.250
    35  -1.0312   0.3000   0.0563  -0.0092  -0.0006  -0.0308  -0.0308   0.0000   0.0000  -0.0000  -0.0077    0.250
    36  -1.2188   0.3000   0.0563  -0.0092  -0.0007  -0.0306  -0.0306   0.0000   0.0000  -0.0000  -0.0076    0.250
    37  -1.4062   0.3000   0.0563  -0.0091  -0.0007  -0.0305  -0.0305   0.0000   0.0000  -0.0000  -0.0076    0.249
    38  -1.5625   0.3000   0.0375  -0.0091  -0.0008  -0.0303  -0.0303   0.0000   0.0000  -0.0000  -0.0075    0.249
    39  -1.6875   0.3000   0.0375  -0.0090  -0.0008  -0.0301  -0.0301   0.0000   0.0000  -0.0000  -0.0075    0.249
    40  -1.8125   0.3000   0.0375  -0.0089  -0.0009  -0.0298  -0.0298   0.0000   0.0000  -0.0000  -0.0074    0.249
    41  -1.9375   0.3000   0.0375  -0.0089  -0.0010  -0.0295  -0.0295   0.0000   0.0000  -0.0000  -0.0073    0.249
    42  -2.0625   0.3000   0.0375  -0.0087  -0.0011  -0.0291  -0.0291   0.0000   0.0000  -0.0000  -0.0072    0.248
    43  -2.1875   0.3000   0.0375  -0.0086  -0.0012  -0.0286  -0.0286   0.0000   0.0000  -0.0001  -0.0071    0.248
    44  -2.3125   0.3000   0.0375  -0.0084  -0.0014  -0.0280  -0.0280   0.0000   0.0000  -0.0001  -0.0069    0.247
    45  -2.4375   0.3000   0.0375  -0.0082  -0.0016  -0.0272  -0.0272   0.0000   0.0000  -0.0001  -0.0067    0.246
    46  -2.5018   0.3000   0.0022  -0.0081  -0.0017  -0.0270  -0.0270   0.0000   0.0000  -0.0001  -0.0066    0.246
    47  -2.5162   0.3000   0.0064  -0.0080  -0.0017  -0.0266  -0.0266   0.0000   0.0000  -0.0001  -0.0065    0.245
    48  -2.5443   0.3000   0.0103  -0.0078  -0.0018  -0.0262  -0.0262   0.0000   0.0000  -0.0001  -0.0064    0.244
    49  -2.5842   0.3000   0.0135  -0.0077  -0.0019  -0.0255  -0.0255   0.0000   0.0000  -0.0002  -0.0062    0.243
    50  -2.6338   0.3000   0.0160  -0.0074  -0.0020  -0.0247  -0.0247   0.0000   0.0000  -0.0002  -0.0060    0.241
    51  -2.6902   0.3000   0.0176  -0.0071  -0.0022  -0.0236  -0.0236   0.0000   0.0000  -0.0003  -0.0056    0.239
    52  -2.7500   0.3000   0.0181  -0.0066  -0.0025  -0.0221  -0.0221   0.0000   0.0000  -0.0003  -0.0052    0.235
    53  -2.8098   0.3000   0.0176  -0.0061  -0.0028  -0.0202  -0.0202   0.0000   0.0000  -0.0004  -0.0046    0.230
    54  -2.8662   0.3000   0.0160  -0.0053  -0.0031  -0.0178  -0.0178   0.0000   0.0000  -0.0005  -0.0039    0.222
    55  -2.9158   0.3000   0.0135  -0.0044  -0.0034  -0.0147  -0.0147   0.0000   0.0000  -0.0006  -0.0031    0.212
    56  -2.9557   0.3000   0.0103  -0.0033  -0.0036  -0.0111  -0.0111   0.0000   0.0000  -0.0006  -0.0022    0.200
    57  -2.9838   0.3000   0.0064  -0.0021  -0.0038  -0.0069  -0.0069   0.0000   0.0000  -0.0004  -0.0013    0.187
    58  -2.9982   0.3000   0.0022  -0.0007  -0.0039  -0.0023  -0.0023   0.0000   0.0000  -0.0002  -0.0004    0.178
 ---------------------------------------------------------------
