 1.000000    0.000000
 0.990441    0.000974
 0.980425    0.001967
 0.969496    0.002996
 0.957197    0.004080
 0.943072    0.005238
 0.926663    0.006488
 0.907515    0.007848
 0.885171    0.009337
 0.859175    0.010972
 0.859175    0.010972
 0.829226    0.012773
 0.795653    0.014756
 0.758943    0.016938
 0.719581    0.019336
 0.678053    0.021966
 0.634845    0.024845
 0.590443    0.027991
 0.545333    0.031419
 0.500000    0.035147
 0.500000    0.035147
 0.454901    0.039136
 0.410376    0.043133
 0.366735    0.046826
 0.324289    0.049907
 0.283346    0.052065
 0.244218    0.052991
 0.207215    0.052375
 0.172648    0.049908
 0.140826    0.045280
 0.140826    0.045280
 0.112019    0.038355
 0.086338    0.029687
 0.063854    0.020006
 0.044636    0.010041
 0.028754    0.000519
 0.016280    -0.007829
 0.007283    -0.014275
 0.001833    -0.018092
 0.000000    -0.018549
 0.000000    -0.018549
 0.001833    -0.015256
 0.007283    -0.009174
 0.016280    -0.001603
 0.028754    0.006159
 0.044636    0.012812
 0.063854    0.017057
 0.086338    0.017594
 0.112019    0.013126
 0.140826    0.002352
 0.140826    0.002352
 0.172648    -0.015364
 0.207215    -0.038003
 0.244218    -0.062885
 0.283346    -0.087327
 0.324289    -0.108650
 0.366735    -0.124172
 0.410376    -0.131211
 0.454901    -0.127088
 0.500000    -0.109119
 0.500000    -0.109119
 0.545333    -0.085689
 0.590443    -0.066629
 0.634845    -0.051434
 0.678053    -0.039595
 0.719581    -0.030608
 0.758943    -0.023966
 0.795653    -0.019161
 0.829226    -0.015688
 0.859175    -0.013040
 0.859175    -0.013040
 0.885171    -0.010789
 0.907515    -0.008821
 0.926663    -0.007101
 0.943072    -0.005593
 0.957197    -0.004262
 0.969496    -0.003072
 0.980425    -0.001989
 0.990441    -0.000977
 1.000000    0.000000
