 1.000000    0.000000
 0.990441    0.000979
 0.980425    0.002002
 0.969496    0.003116
 0.957197    0.004365
 0.943072    0.005795
 0.926663    0.007449
 0.907515    0.009375
 0.885171    0.011616
 0.859175    0.014217
 0.859175    0.014217
 0.829226    0.017189
 0.795653    0.020397
 0.758943    0.023672
 0.719581    0.026845
 0.678053    0.029747
 0.634845    0.032207
 0.590443    0.034058
 0.545333    0.035129
 0.500000    0.035251
 0.500000    0.035251
 0.454901    0.034334
 0.410376    0.032600
 0.366735    0.030353
 0.324289    0.027893
 0.283346    0.025523
 0.244218    0.023544
 0.207215    0.022259
 0.172648    0.021970
 0.140826    0.022978
 0.140826    0.022978
 0.112019    0.025421
 0.086338    0.028779
 0.063854    0.032369
 0.044636    0.035507
 0.028754    0.037509
 0.016280    0.037691
 0.007283    0.035370
 0.001833    0.029861
 0.000000    0.020480
 0.000000    0.020480
 0.001833    0.006921
 0.007283    -0.009619
 0.016280    -0.027564
 0.028754    -0.045341
 0.044636    -0.061374
 0.063854    -0.074089
 0.086338    -0.081911
 0.112019    -0.083265
 0.140826    -0.076577
 0.140826    -0.076577
 0.172648    -0.061041
 0.207215    -0.038925
 0.244218    -0.013267
 0.283346    0.012894
 0.324289    0.036521
 0.366735    0.054577
 0.410376    0.064023
 0.454901    0.061823
 0.500000    0.044937
 0.500000    0.044937
 0.545333    0.022785
 0.590443    0.006311
 0.634845    -0.005232
 0.678053    -0.012592
 0.719581    -0.016516
 0.758943    -0.017750
 0.795653    -0.017043
 0.829226    -0.015142
 0.859175    -0.012794
 0.859175    -0.012794
 0.885171    -0.010616
 0.907515    -0.008705
 0.926663    -0.007028
 0.943072    -0.005551
 0.957197    -0.004240
 0.969496    -0.003063
 0.980425    -0.001987
 0.990441    -0.000977
 1.000000    0.000000
